    unsorted:	 6688.897963 13.51719016 740.0849792 1947539.289 157797.4948 6.088191129e-05 212188.5658 6302.291344 183844.6660 186536.3452 155197.7121 264131.9970 375807.9867 99528698.33 543824.3842 15204.47215 125856.9964 7072.533314 142260.4818 131054.9587 122547.0816 190702.2940 118544.6766 21965.95572 81951.57905 111314.8759 21418.20540 13429.22546 34568.33749 31401.16954 34819.34299 25702.33160 87149.95386 22963.92889 27203.93331 94392.88826 28768.94602 34145.15382 35961.55790 30712.59380 25548.92440 113916.8669 30625.82137 46100.27925 32403.79337 30161.92998 79290.14079 36705.14030 31059.68032 27140.59781 24692.60873 27637.18611 17338.46232 45445.29809 1998.504824 16036.81779 10587.13512 8822.208075 10052.69132 104.3633379 528.1002785 608.1304911 28696.22675 33453.93097 42085.23937 64884.95980 39012.16351 38242.55899 42474.21674 40512.58649 102529.2652 43981.11154 47959.45139 49052.99072 75496.22595 38758.68241 109960.5803 41465.43753 58412.44563 62301.63348 53358.96056 92513.97468 49641.64953 46979.62017 40925.53501 98001.38764 43688.96846 87614.01183 54791.21492 71869.49827 44319.56297 66684.53624 55380.81226 50752.62320 73284.77174 62031.64118 39826.11031 70137.51693 56064.11513 130.9160920 1059.352710
      sorted:	 6.088191129e-05 13.51719016 104.3633379 130.9160920 528.1002785 608.1304911 740.0849792 1059.352710 1998.504824 6302.291344 6688.897963 7072.533314 8822.208075 10052.69132 10587.13512 13429.22546 15204.47215 16036.81779 17338.46232 21418.20540 21965.95572 22963.92889 24692.60873 25548.92440 25702.33160 27140.59781 27203.93331 27637.18611 28696.22675 28768.94602 30161.92998 30625.82137 30712.59380 31059.68032 31401.16954 32403.79337 33453.93097 34145.15382 34568.33749 34819.34299 35961.55790 36705.14030 38242.55899 38758.68241 39012.16351 39826.11031 40512.58649 40925.53501 41465.43753 42085.23937 42474.21674 43688.96846 43981.11154 44319.56297 45445.29809 46100.27925 46979.62017 47959.45139 49052.99072 49641.64953 50752.62320 53358.96056 54791.21492 55380.81226 56064.11513 58412.44563 62031.64118 62301.63348 64884.95980 66684.53624 70137.51693 71869.49827 73284.77174 75496.22595 79290.14079 81951.57905 87149.95386 87614.01183 92513.97468 94392.88826 98001.38764 102529.2652 109960.5803 111314.8759 113916.8669 118544.6766 122547.0816 125856.9964 131054.9587 142260.4818 155197.7121 157797.4948 183844.6660 186536.3452 190702.2940 212188.5658 264131.9970 375807.9867 543824.3842 1947539.289 99528698.33
