    unsorted:	 94607.20990 51.38687745 416026814.5 35.49162263 1321.612490 8.484155141 2.091323196e-07 165467.6450 197152.3128 170211.1906 134460.7640 107231.6770 4262.752342 6843.917760 20980.72469 9678.251570 15729.97630 5049.146762 57823.36564 36210.06691 52854.79939 49433.65111 41993.42042 239.4469370 149.6046505 147.7992342 145.1453042 142.0511431 139.4587109 137.9079707 768923.2776 1030.292625 1282.067071 119902009.1 96766088.84 114.8057236 93216957.83 85277988.24 76462545.71 86943167.95 83471884.42 81041910.23
      sorted:	 2.091323196e-07 8.484155141 35.49162263 51.38687745 114.8057236 137.9079707 139.4587109 142.0511431 145.1453042 147.7992342 149.6046505 239.4469370 1030.292625 1282.067071 1321.612490 4262.752342 5049.146762 6843.917760 9678.251570 15729.97630 20980.72469 36210.06691 41993.42042 49433.65111 52854.79939 57823.36564 94607.20990 107231.6770 134460.7640 165467.6450 170211.1906 197152.3128 768923.2776 76462545.71 81041910.23 83471884.42 85277988.24 86943167.95 93216957.83 96766088.84 119902009.1 416026814.5
