va
 0.0109869 0.0474259 0.182426 0.5 0.817574 0.952574 0.989013 0.997527 0.999447 0.999877 0.999972 0.999994 0.999999 1 1
 0.0179862 0.119203 0.5 0.880797 0.982014 0.997527 0.999665 0.999955 0.999994 0.999999 1 1 1 1 1
sbt
 7.08505 6.40728 5.95051 5.56447 5.20588 4.81668 4.88584 4.70942 4.49833 4.63235 4.81459 5.17714 5.05339 4.623 4.29462 3.81463 3.298 3.09311 2.64506 2.34738 2.30301 2.20707 1.94595 1.75006 1.73929 1.58329 1.40116 1.2809 1.22537 1.12002 1.19832 1.12473 0.946902 0.908573
ct
 0.132693 0.103639 0.137115 0.0899361 0.139121 0.107734 0.113924 0.138441 0.110401 0.210617 0.234147 0.248804 0.305916 0.259792 0.307258 0.29691 0.199435 0.361529 0.24977 0.306075 0.325215 0.320619 0.311855 0.23082 0.235962 0.182911 0.205582 0.334672 0.359661 0.360683 0.297098 0.321546 0.176671
 0 0 0 0 0 0 0 0 0 0 0 0 0 0 0 0 0 0 0 0 0 0 0 0 0 0 0 0 0 0 0 0 0
ut
 0.0173229 0.0145345 0.0206049 0.014493 0.0232551 0.0187486 0.0204393 0.0250933 0.0196602 0.0356255 0.0389597 0.0422052 0.0543356 0.0501015 0.0650319 0.0698943 0.0525049 0.103484 0.0791546 0.101064 0.115057 0.123368 0.129746 0.105262 0.117085 0.0995412 0.114696 0.185903 0.20342 0.213094 0.192663 0.226692 0.133296
iyr
 1977 1980 1983 1986 1989 1992 1995 1998 2001 2003 2005 2007 2009
it
 6.77779 6.07032 5.81931 3.47402 3.86458 3.94704 2.77876 2.83505 1.81408 1.50309 1.23348 1.27367 1.03837
N
 4.4118 3.52542 1.36214 1.46235 2.34876 2.7561 0.762166 2.34363 0.703574 0.483975 2.02725 0.345808 0.334939 0.162011 0.61407
 3.69344 3.49862 2.78492 1.06489 1.1245 1.79375 2.11622 0.58983 1.82574 0.550871 0.38036 1.59768 0.273096 0.264917 0.61494
 2.00538 2.92952 2.76532 2.18042 0.82111 0.861337 1.38042 1.6402 0.459932 1.43032 0.433079 0.299815 1.26183 0.216006 0.697093
 8.36978 1.58953 2.31032 2.15075 1.65786 0.617946 0.65246 1.05648 1.26652 0.357614 1.11798 0.339857 0.235986 0.995446 0.722278
 2.69262 6.63914 1.25656 1.80916 1.65808 1.2687 0.47488 0.504892 0.822517 0.990758 0.280776 0.880228 0.268151 0.186498 1.35973
 3.1579 2.13409 5.23376 0.975753 1.36986 1.24003 0.954795 0.361299 0.387872 0.636758 0.771583 0.219668 0.691089 0.211105 1.22155
 6.75016 2.50424 1.68533 4.08487 0.74652 1.03746 0.943427 0.732533 0.279297 0.301661 0.497579 0.60516 0.172781 0.54479 1.13261
 6.03447 5.35329 1.97799 1.31585 3.12652 0.565426 0.789054 0.723381 0.565861 0.217051 0.235546 0.389977 0.475681 0.136125 1.32516
 10.0859 4.78462 4.22485 1.54022 1.00096 2.34826 0.426548 0.600774 0.555518 0.437616 0.168802 0.184001 0.305708 0.373931 1.15306
 3.44509 8.00049 3.78163 3.30414 1.18236 0.760391 1.78944 0.327363 0.464182 0.431607 0.341527 0.132209 0.144526 0.240671 1.20565
 2.55068 2.72983 6.29942 2.9225 2.4698 0.866852 0.560212 1.33466 0.247062 0.353793 0.331613 0.264107 0.102774 0.112823 1.13548
 4.1943 2.0213 2.14994 4.87077 2.18575 1.81072 0.638187 0.417335 1.0058 0.188009 0.271391 0.25604 0.205004 0.0801201 0.97911
 2.487 3.32441 1.59282 1.66488 3.65324 1.60739 1.33603 0.476033 0.31468 0.765437 0.144179 0.209438 0.198618 0.159705 0.830262
 1.23943 1.97037 2.61556 1.22697 1.23319 2.63947 1.1651 0.980846 0.354027 0.236657 0.581058 0.110303 0.161263 0.153751 0.772111
 4.25631 0.982223 1.55158 2.01984 0.91345 0.896389 1.92286 0.858475 0.731243 0.266657 0.179805 0.444692 0.0849315 0.124805 0.721749
 1.8462 3.37073 0.771468 1.1879 1.47307 0.644814 0.633952 1.37948 0.625243 0.539733 0.199075 0.135536 0.337948 0.0649903 0.654304
 1.4155 1.46179 2.64528 0.588829 0.85945 1.02721 0.450026 0.449067 0.992978 0.456574 0.399041 0.148748 0.10219 0.256771 0.552923
 5.17781 1.12174 1.15076 2.03919 0.435741 0.617889 0.738287 0.326911 0.330086 0.737731 0.342381 0.30165 0.113224 0.0782491 0.625068
 3.64839 4.09381 0.875389 0.861339 1.40583 0.283011 0.400324 0.487977 0.221046 0.227901 0.518784 0.244648 0.21856 0.0830327 0.525459
 1.48925 2.88818 3.20932 0.66499 0.614488 0.957195 0.192048 0.275512 0.341447 0.15707 0.164171 0.378233 0.18026 0.162535 0.459018
 2.36424 1.17774 2.25513 2.40397 0.458057 0.397098 0.614563 0.125446 0.183777 0.232302 0.108773 0.115494 0.269822 0.13019 0.4571
 3.64505 1.86942 0.918893 1.68386 1.64083 0.291513 0.250422 0.394079 0.0821591 0.12282 0.15812 0.0752648 0.0810978 0.191969 0.426235
 1.48542 2.88299 1.45994 0.687982 1.1554 1.05021 0.184539 0.160829 0.257992 0.0547981 0.0833277 0.108947 0.0525868 0.0573796 0.445532
 0.943557 1.17486 2.25107 1.09173 0.469979 0.733153 0.657355 0.117023 0.103881 0.169693 0.0366546 0.0566016 0.0750484 0.0366895 0.358323
 1.46882 0.747067 0.92101 1.70626 0.770548 0.312562 0.481487 0.435483 0.0785599 0.0706729 0.116897 0.0255429 0.0398633 0.0533725 0.285575
 3.91421 1.16297 0.585627 0.697704 1.20119 0.509609 0.203672 0.31604 0.289372 0.052863 0.0481265 0.0804938 0.0177711 0.0280014 0.241891
 1.62187 3.10154 0.914367 0.448208 0.503697 0.824209 0.345036 0.13851 0.216788 0.200302 0.0369109 0.0338799 0.0571022 0.0126978 0.195246
 5.36745 1.28451 2.43352 0.694343 0.316785 0.334007 0.536622 0.225475 0.0913404 0.144375 0.134679 0.0250453 0.0231877 0.039401 0.145586
 1.43737 4.24053 0.997536 1.77871 0.443624 0.179144 0.181842 0.293178 0.124931 0.0514179 0.0825531 0.0781748 0.0147479 0.0138425 0.112994
 1.90409 1.13469 3.28158 0.71913 1.09354 0.235364 0.0904682 0.0918293 0.149979 0.0649006 0.0271272 0.044213 0.0424798 0.00812672 0.0716632
 0.758303 1.50301 0.87759 2.35848 0.437463 0.568335 0.115621 0.0442402 0.0453297 0.0749505 0.0328468 0.0139015 0.0229341 0.0222971 0.0427923
 4.34164 0.599485 1.16969 0.645065 1.52033 0.248525 0.307709 0.0621461 0.0238734 0.0246196 0.0409894 0.0180878 0.0077074 0.0128006 0.0367235
 1.83329 3.43152 0.465975 0.855193 0.409033 0.838324 0.129534 0.158463 0.0320149 0.0123381 0.0127726 0.021349 0.009458 0.00404589 0.0261719
 6.04039 1.45218 2.69222 0.352821 0.595602 0.26203 0.51829 0.0793196 0.0968165 0.0195503 0.00753358 0.00779868 0.0130352 0.00577483 0.0184503
A
 1977 1 0.0378718 0.0751152 0.211533 0.15951 0.30308 0.0703543 0.0719407 0.0190223 0.010377 0.0271068 0.00687826 0.00321319 0.000830275 0.00316672
 1978 1 0.0841123 0.099783 0.0912448 0.0881627 0.240114 0.257137 0.0279625 0.0698938 0.0101612 0.00587235 0.017412 0.00217471 0.0028613 0.00310898
 1979 1 0.0478908 0.230849 0.224702 0.0902824 0.090065 0.105588 0.103803 0.0212194 0.0429974 0.0131666 0.00690392 0.0142961 0.00235905 0.00587638
 1980 1 0.0286919 0.0883633 0.253614 0.225334 0.0808448 0.066991 0.0558684 0.0694527 0.0209251 0.0788202 0.00571223 0.00835984 0.0108777 0.00614501
 1981 1 0.155858 0.069783 0.207711 0.201867 0.16416 0.0467476 0.023917 0.0433153 0.0338392 0.00877196 0.0188104 0.00856783 0.0016525 0.0149985
 1982 1 0.0314595 0.365849 0.0928731 0.116214 0.150403 0.0819955 0.0293059 0.0126086 0.0261283 0.0490073 0.00797036 0.0121731 0.00282173 0.0211898
 1983 1 0.0607317 0.0836697 0.357688 0.124206 0.102891 0.121388 0.052207 0.0134626 0.0124296 0.0156754 0.0201691 0.00458348 0.0112054 0.0196927
 1984 1 0.134309 0.0688904 0.163174 0.291439 0.0605479 0.0854718 0.0799193 0.046887 0.00786038 0.0102832 0.00908123 0.0149308 0.00280283 0.0244035
 1985 1 0.065964 0.190877 0.101883 0.134344 0.213374 0.0424715 0.128484 0.0334349 0.0194388 0.0105231 0.00598778 0.00856044 0.00642398 0.0382327
 1986 1 0.121248 0.171108 0.296723 0.100556 0.0787723 0.101753 0.0237326 0.0381641 0.0180014 0.0123228 0.00389014 0.00510746 0.00454507 0.0240761
 1987 1 0.0262113 0.168695 0.360032 0.265281 0.0523368 0.0297052 0.0445564 0.00759301 0.0176315 0.00718736 0.00619162 0.00255523 0.00189944 0.0101249
 1988 1 0.0249471 0.079353 0.371933 0.191352 0.158934 0.0442268 0.0260258 0.0512362 0.0118358 0.00905121 0.0101389 0.00692524 0.00134979 0.0126909
 1989 1 0.0307984 0.0445883 0.0739986 0.450873 0.124597 0.162619 0.0259416 0.0205502 0.0361121 0.00415003 0.00473749 0.00549867 0.00322901 0.0123068
 1990 1 0.0173391 0.0646353 0.130116 0.119454 0.308118 0.191492 0.0559699 0.0490424 0.0171059 0.0202035 0.003919 0.00478839 0.00304163 0.0147743
 1991 1 0.0107925 0.0504826 0.235366 0.0983033 0.145418 0.243038 0.0973046 0.043055 0.0100667 0.00822323 0.0211131 0.00608053 0.00440698 0.0263485
 1992 1 0.0517229 0.021656 0.142633 0.213961 0.083662 0.0738524 0.200609 0.0804153 0.0679855 0.0161579 0.00711584 0.0180067 0.00324971 0.0189723
 1993 1 0.0215037 0.140847 0.0851867 0.17964 0.171755 0.0948047 0.0499518 0.120749 0.0453381 0.0386325 0.0120417 0.00552046 0.0153751 0.0186548
 1994 1 0.0191039 0.0616527 0.366276 0.0659466 0.132022 0.111448 0.0389944 0.0381427 0.0587459 0.0206752 0.0451374 0.00700348 0.0042968 0.0305548
 1995 1 0.0776125 0.0613566 0.0936046 0.317228 0.0919112 0.0924503 0.0709854 0.0451507 0.0262551 0.0538699 0.0205552 0.0206645 0.00757409 0.0207821
 1996 1 0.0598627 0.200129 0.137939 0.105309 0.222631 0.0360083 0.0622832 0.0521347 0.00966708 0.0238647 0.0361606 0.0181031 0.0123843 0.0235234
 1997 1 0.0365644 0.102975 0.386104 0.0880371 0.0868903 0.144017 0.0303916 0.0150929 0.0238417 0.0100345 0.0119161 0.0174062 0.0139187 0.0328106
 1998 1 0.0301905 0.0595263 0.28124 0.35879 0.0451066 0.0649833 0.0333966 0.0192937 0.0134552 0.0156099 0.00745391 0.00702902 0.0271814 0.0367439
 1999 1 0.0492362 0.0653035 0.0796081 0.299819 0.324637 0.0382878 0.0299475 0.0362135 0.00797425 0.0107177 0.0137577 0.00613953 0.00503434 0.0333237
 2000 1 0.0185164 0.110746 0.274989 0.115651 0.128645 0.161834 0.0277187 0.0276597 0.0476091 0.00656318 0.00967931 0.0126772 0.00608446 0.0516265
 2001 1 0.0163215 0.0425538 0.292311 0.223634 0.0916986 0.106105 0.0725807 0.0232353 0.0271005 0.0195976 0.00249909 0.00880279 0.00798588 0.0655743
 2002 1 0.0183664 0.0454877 0.101325 0.383928 0.150045 0.0749014 0.0659675 0.0668653 0.020594 0.0162406 0.0193629 0.00372639 0.00650381 0.0266861
 2003 1 0.0801215 0.0455475 0.097501 0.116152 0.325357 0.133806 0.0245901 0.0638205 0.0401103 0.01031 0.0115576 0.0191249 0.00361357 0.0283886
 2004 1 0.0525023 0.180379 0.152101 0.0530576 0.0911026 0.223061 0.0703857 0.0158389 0.052211 0.0409297 0.0101563 0.00477546 0.0136149 0.039885
 2005 1 0.0749182 0.0587421 0.418992 0.108413 0.0423107 0.0893067 0.0745401 0.0406228 0.0130149 0.0294708 0.0224981 0.00511676 0.00423484 0.0178194
 2006 1 0.0290611 0.28685 0.110757 0.320471 0.0863815 0.0274806 0.0254968 0.025684 0.0239346 0.0131716 0.0129453 0.00866572 0.00300138 0.0260987
 2007 1 0.026216 0.0533008 0.488153 0.170808 0.126654 0.0499769 0.0132343 0.0221035 0.0181463 0.00377088 0.00511671 0.00363961 0.0100552 0.00882468
 2008 1 0.0134926 0.108428 0.0775989 0.575337 0.0597881 0.110463 0.0124098 0.00404929 0.00536551 0.0138596 0.00439497 0.00177304 0.00225348 0.010786
 2009 1 0.0768261 0.0315167 0.198498 0.145971 0.386549 0.0564359 0.0482083 0.0195858 0.00686946 0.00445807 0.0135319 0.00361277 0.0016983 0.00623942
 1977 2 0.021549 0.062913 0.15371 0.10668 0.238549 0.0721481 0.0987644 0.0351852 0.0258984 0.0913115 0.0312755 0.0197219 0.00687895 0.0354159
 1980 2 0.0269964 0.0852756 0.163141 0.10488 0.0777991 0.0962349 0.0806324 0.104191 0.0189494 0.066305 0.0190278 0.0129108 0.0987866 0.0448702
 1983 2 0.0243052 0.120802 0.308166 0.0542711 0.0827505 0.0703152 0.0593091 0.0217883 0.0203003 0.0448533 0.0547341 0.0101861 0.0410164 0.0872021
 1986 2 0.0756283 0.107927 0.243184 0.0892517 0.0632371 0.148323 0.0182396 0.0352171 0.0459324 0.0575704 0.00698314 0.021142 0.0142677 0.0730965
 1989 2 0.0458193 0.0734179 0.131699 0.270073 0.142947 0.113536 0.0251392 0.0240142 0.0493149 0.011063 0.0143115 0.0264168 0.00766731 0.0645805
 1992 2 0.0458372 0.0693385 0.118455 0.113554 0.0796617 0.0691483 0.182265 0.0427299 0.0601632 0.0443829 0.0222986 0.034857 0.00656705 0.110742
 1995 2 0.11172 0.0674047 0.0940109 0.249402 0.0331763 0.0751915 0.0645192 0.0252856 0.0285433 0.0636321 0.0406541 0.0370087 0.0139522 0.0954993
 1998 2 0.0638136 0.0592068 0.304573 0.187294 0.0418272 0.0444491 0.0898709 0.0178248 0.0147937 0.0291695 0.00940761 0.0173515 0.0342061 0.0862125
 2001 2 0.0168692 0.0920254 0.195787 0.149517 0.0444561 0.090709 0.219408 0.0139681 0.011649 0.0339796 0.00487061 0.00821912 0.00848297 0.110059
 2003 2 0.121913 0.144204 0.109858 0.0968793 0.206611 0.0566181 0.0356041 0.0782494 0.0455112 0.00901077 0.00838052 0.0210845 0.00311462 0.0629608
 2005 2 0.10685 0.0916442 0.560171 0.0963889 0.0228893 0.0240714 0.0297908 0.0143682 0.0118169 0.010177 0.0128626 0.00317628 0.00249211 0.0133018
 2007 2 0.0551136 0.12539 0.520892 0.0876044 0.118344 0.0221522 0.00917954 0.00932309 0.0231731 0.00655081 0.00401035 0.00687889 0.00406626 0.00732184
 2009 2 0.149495 0.0801319 0.177286 0.188455 0.250584 0.0700501 0.0455697 0.0132096 0.00441441 0.00335029 0.00529184 0.00345219 0.00129817 0.00741305
